1111111111111111111
1010001110000010001
<<<<<<< HEAD
1001101110101010101
1101100000001010001
1101111011101010101
1100001000000000101
1011101110111011101
1000100010000000001
1110111011111011111
1010001010001011111
1011111011111011101
1000001000001001101
1011011111101101101
=======
1000101110101010101
1101100000001010001
1101101011101010101
1000001000000000101
1011101110111011101
1000100000000000001
1110101010111011111
1010001010001011111
1011111010101011101
1000000010001001101
1011011110101101101
>>>>>>> 397d23179783163f93bb1a8989ad2eedda5b72a1
1011000000100000001
1111111111111111111
